1748429891590 0.895694375038147 0
1748429891645 0.9657158851623535 1
1748429891695 0.9773901104927063 2
1748429891745 0.9805358648300171 3
1748429891852 0.9826628565788269 4
1748429891922 0.9807035326957703 5
1748429891977 0.9850279688835144 6
1748429892029 0.9881569743156433 7
1748429892079 0.9825530648231506 8
1748429892141 0.9877961874008179 9
1748429892197 0.9876120090484619 10
1748429892250 0.9856954216957092 11
1748429892295 0.9890767931938171 12
1748429892339 0.9884759187698364 13
1748429892389 0.9899227023124695 14
1748429892440 0.9889819622039795 15
1748429892486 0.9890496730804443 16
1748429892532 0.9895741939544678 17
1748429892576 0.9900445342063904 18
1748429892629 0.9900157451629639 19
