1748429891607 0.8526451587677002 0
1748429891665 0.9086451530456543 1
1748429891714 0.9200000166893005 2
1748429891766 0.927483856678009 3
1748429891887 0.9279999732971191 4
1748429891945 0.9236128926277161 5
1748429891996 0.9334193468093872 6
1748429892048 0.9442580938339233 7
1748429892104 0.9310967922210693 8
1748429892162 0.944516122341156 9
1748429892219 0.944516122341156 10
1748429892267 0.9401290416717529 11
1748429892312 0.9486451745033264 12
1748429892356 0.9465806484222412 13
1748429892409 0.9499354958534241 14
1748429892458 0.9489032030105591 15
1748429892502 0.948387086391449 16
1748429892549 0.9460645318031311 17
1748429892595 0.9465806484222412 18
1748429892646 0.9486451745033264 19
