1748429891587 0.8539110422134399 0
1748429891641 0.9095091819763184 1
1748429891692 0.9236963391304016 2
1748429891741 0.9305981397628784 3
1748429891846 0.9321318864822388 4
1748429891919 0.9288727045059204 5
1748429891974 0.9390337467193604 6
1748429892026 0.946319043636322 7
1748429892075 0.9348159432411194 8
1748429892138 0.94804447889328 9
1748429892192 0.9467024803161621 10
1748429892247 0.943443238735199 11
1748429892292 0.9499616622924805 12
1748429892337 0.9486196041107178 13
1748429892385 0.9520705342292786 14
1748429892438 0.9511119723320007 15
1748429892483 0.9514954090118408 16
1748429892529 0.9495782256126404 17
1748429892573 0.949769914150238 18
1748429892626 0.9514954090118408 19
