1748429891598 0.6682161688804626 0
1748429891656 0.7755231261253357 1
1748429891704 0.8016634583473206 2
1748429891756 0.8176508545875549 3
1748429891870 0.8194174766540527 4
1748429891934 0.810499370098114 5
1748429891987 0.8323586583137512 6
1748429892038 0.8553248643875122 7
1748429892092 0.8260586261749268 8
1748429892152 0.8566666841506958 9
1748429892209 0.8559946417808533 10
1748429892258 0.8463576436042786 11
1748429892303 0.8653585910797119 12
1748429892347 0.8607935309410095 13
1748429892400 0.8688302636146545 14
1748429892449 0.8663967847824097 15
1748429892494 0.8655914068222046 16
1748429892540 0.8602941036224365 17
1748429892586 0.8613529801368713 18
1748429892638 0.8660834431648254 19
