1748429891600 0.9453505277633667 0
1748429891659 0.9675735235214233 1
1748429891708 0.9759101867675781 2
1748429891759 0.977959156036377 3
1748429891875 0.9795696139335632 4
1748429891938 0.9794745445251465 5
1748429891990 0.9836823344230652 6
1748429892041 0.9828095436096191 7
1748429892096 0.9801684617996216 8
1748429892156 0.9849300384521484 9
1748429892212 0.9830781817436218 10
1748429892261 0.9830005168914795 11
1748429892306 0.983413577079773 12
1748429892350 0.9836417436599731 13
1748429892403 0.9850147366523743 14
1748429892452 0.9847348928451538 15
1748429892497 0.9857832789421082 16
1748429892543 0.9854838848114014 17
1748429892589 0.9852269887924194 18
1748429892641 0.9855228066444397 19
