1748429891592 1.2609987258911133 0
1748429891649 0.27759137749671936 1
1748429891698 0.19215962290763855 2
1748429891749 0.17376317083835602 3
1748429891858 0.1688816398382187 4
1748429891926 0.17149437963962555 5
1748429891980 0.15289254486560822 6
1748429892032 0.13785485923290253 7
1748429892083 0.1637376844882965 8
1748429892145 0.13548047840595245 9
1748429892201 0.13442909717559814 10
1748429892253 0.14150694012641907 11
1748429892298 0.12791335582733154 12
1748429892342 0.1317913979291916 13
1748429892393 0.12228991836309433 14
1748429892443 0.125712051987648 15
1748429892488 0.12404598295688629 16
1748429892535 0.12216375023126602 17
1748429892579 0.12386436760425568 18
1748429892632 0.11962371319532394 19
