1748429891603 0.8575689792633057 0
1748429891662 0.9120059609413147 1
1748429891711 0.9343773126602173 2
1748429891762 0.9395973086357117 3
1748429891882 0.9440715909004211 4
1748429891941 0.9440715909004211 5
1748429891993 0.9552572965621948 6
1748429892045 0.9522744417190552 7
1748429892100 0.945563018321991 8
1748429892159 0.9582400918006897 9
1748429892216 0.9530201554298401 10
1748429892264 0.9530201554298401 11
1748429892309 0.953765869140625 12
1748429892353 0.9545115828514099 13
1748429892406 0.9582400918006897 14
1748429892455 0.9574943780899048 15
1748429892499 0.9604772329330444 16
1748429892546 0.9597315192222595 17
1748429892592 0.9589858055114746 18
1748429892643 0.9597315192222595 19
