1748429891595 0.13221193850040436 0
1748429891653 0.0711151584982872 1
1748429891701 0.056133903563022614 2
1748429891752 0.051800135523080826 3
1748429891864 0.04989372938871384 4
1748429891929 0.05210840702056885 5
1748429891984 0.045611973851919174 6
1748429892035 0.040927279740571976 7
1748429892087 0.04830051213502884 8
1748429892149 0.039893291890621185 9
1748429892206 0.0408903993666172 10
1748429892256 0.04253960773348808 11
1748429892300 0.03769680857658386 12
1748429892345 0.03815774619579315 13
1748429892396 0.036134373396635056 14
1748429892446 0.03665905073285103 15
1748429892491 0.03690693527460098 16
1748429892538 0.037812065333127975 17
1748429892583 0.036765892058610916 18
1748429892635 0.03616548329591751 19
