1748422693140 0.32215994596481323 0
1748422693297 0.16722151637077332 1
1748422693438 0.1491485834121704 2
1748422693582 0.1267417073249817 3
1748422693728 0.1367516815662384 4
1748422693870 0.11254064738750458 5
1748422694012 0.12403567880392075 6
1748422694152 0.11764922738075256 7
1748422694295 0.11027680337429047 8
1748422694435 0.11285638809204102 9
1748422694574 0.10205046832561493 10
1748422694715 0.10108326375484467 11
1748422694854 0.10279210656881332 12
1748422694997 0.09916931390762329 13
1748422695138 0.1042320728302002 14
1748422695278 0.09742628782987595 15
1748422695422 0.10501328855752945 16
1748422695573 0.10244754701852798 17
1748422695716 0.09328629076480865 18
1748422695861 0.08955010026693344 19
