1748422693175 0.8598061203956604 0
1748422693332 0.9463087320327759 1
1748422693474 0.9492915868759155 2
1748422693621 0.9545115828514099 3
1748422693764 0.9552572965621948 4
1748422693906 0.9679343700408936 5
1748422694046 0.9619686603546143 6
1748422694188 0.9560030102729797 7
1748422694330 0.9686800837516785 8
1748422694471 0.9560030102729797 9
1748422694610 0.9664429426193237 10
1748422694750 0.9656972289085388 11
1748422694890 0.9686800837516785 12
1748422695032 0.9686800837516785 13
1748422695173 0.9656972289085388 14
1748422695313 0.9686800837516785 15
1748422695457 0.9627143740653992 16
1748422695608 0.9634600877761841 17
1748422695754 0.9671886563301086 18
1748422695897 0.9694257974624634 19
