1748422693157 0.664170503616333 0
1748422693315 0.8208279609680176 1
1748422693456 0.8436050415039062 2
1748422693600 0.8677965998649597 3
1748422693746 0.8597315549850464 4
1748422693889 0.8740741014480591 5
1748422694029 0.8651911616325378 6
1748422694169 0.8792867064476013 7
1748422694312 0.8806779384613037 8
1748422694453 0.8721088171005249 9
1748422694592 0.8762677311897278 10
1748422694733 0.8827539086341858 11
1748422694872 0.8903358578681946 12
1748422695015 0.8818737268447876 13
1748422695155 0.8900343775749207 14
1748422695296 0.8921703100204468 15
1748422695439 0.8885065317153931 16
1748422695590 0.8855380415916443 17
1748422695734 0.8957182168960571 18
1748422695879 0.9027777910232544 19
