1748422693131 0.9341543316841125 0
1748422693288 0.9809378981590271 1
1748422693429 0.9858466386795044 2
1748422693573 0.9898154735565186 3
1748422693719 0.9865301251411438 4
1748422693861 0.991157054901123 5
1748422694003 0.989024817943573 6
1748422694143 0.9911407828330994 7
1748422694286 0.9913604855537415 8
1748422694426 0.9913857579231262 9
1748422694566 0.9928631782531738 10
1748422694706 0.9932307600975037 11
1748422694846 0.991969645023346 12
1748422694988 0.9926707148551941 13
1748422695129 0.9919525384902954 14
1748422695269 0.993253767490387 15
1748422695414 0.9921649098396301 16
1748422695564 0.9927073121070862 17
1748422695707 0.9935411810874939 18
1748422695852 0.9939958453178406 19
