1748422693149 0.10283724963665009 0
1748422693306 0.05015469714999199 1
1748422693447 0.04383406415581703 2
1748422693591 0.037361517548561096 3
1748422693737 0.038937948644161224 4
1748422693879 0.03404879942536354 5
1748422694020 0.03674698993563652 6
1748422694160 0.034301504492759705 7
1748422694304 0.03218832612037659 8
1748422694444 0.03350053355097771 9
1748422694583 0.031470756977796555 10
1748422694724 0.03066449612379074 11
1748422694864 0.02994448132812977 12
1748422695006 0.03077676147222519 13
1748422695146 0.029527509585022926 14
1748422695287 0.029093896970152855 15
1748422695430 0.03058362752199173 16
1748422695582 0.030686112120747566 17
1748422695725 0.027715617790818214 18
1748422695871 0.025984065607190132 19
