1748422693166 0.9459770321846008 0
1748422693323 0.9803814888000488 1
1748422693465 0.9816563129425049 2
1748422693611 0.9836941957473755 3
1748422693755 0.9838969111442566 4
1748422693898 0.98847496509552 5
1748422694038 0.986308753490448 6
1748422694178 0.9843001365661621 7
1748422694321 0.9887730479240417 8
1748422694462 0.9842498898506165 9
1748422694601 0.9879582524299622 10
1748422694741 0.987730085849762 11
1748422694881 0.9888208508491516 12
1748422695023 0.9887790679931641 13
1748422695164 0.9877691864967346 14
1748422695304 0.9888297915458679 15
1748422695449 0.9867127537727356 16
1748422695599 0.9869576692581177 17
1748422695744 0.9883227348327637 18
1748422695888 0.9891419410705566 19
