1748422693184 0.8495483994483948 0
1748422693340 0.928516149520874 1
1748422693483 0.9390967488288879 2
1748422693631 0.9496774077415466 3
1748422693772 0.9460645318031311 4
1748422693915 0.9517419338226318 5
1748422694055 0.9481290578842163 6
1748422694196 0.9545806646347046 7
1748422694338 0.9545806646347046 8
1748422694480 0.9514838457107544 9
1748422694619 0.952774167060852 10
1748422694759 0.9556128978729248 11
1748422694899 0.9587096571922302 12
1748422695041 0.9550967812538147 13
1748422695182 0.9587096571922302 14
1748422695322 0.9594838619232178 15
1748422695468 0.9581935405731201 16
1748422695617 0.9569032192230225 17
1748422695764 0.9610322713851929 18
1748422695906 0.9638709425926208 19
