1748422693122 0.8521856069564819 0
1748422693280 0.9330905079841614 1
1748422693420 0.941717803478241 2
1748422693565 0.9509202241897583 3
1748422693711 0.9484279155731201 4
1748422693851 0.9559049010276794 5
1748422693993 0.9516870975494385 6
1748422694134 0.9549463391304016 7
1748422694277 0.95820552110672 8
1748422694417 0.9526457190513611 9
1748422694557 0.9562883377075195 10
1748422694698 0.95820552110672 11
1748422694837 0.9612730145454407 12
1748422694979 0.9585889577865601 13
1748422695120 0.9605061411857605 14
1748422695261 0.9618481397628784 15
1748422695405 0.9593558311462402 16
1748422695555 0.9585889577865601 17
1748422695698 0.9626150131225586 18
1748422695843 0.9652990698814392 19
